 01111111 01000101 01001100 01000110 00000010 00000001
 00000001 00000000 00000000 00000000 00000000 00000000
 00000000 00000000 00000000 00000000 00000010 00000000
 00111110 00000000 00000001 00000000 00000000 00000000
 01111000 00000000 01000000 00000000 00000000 00000000
 00000000 00000000 01000000 00000000 00000000 00000000
 00000000 00000000 00000000 00000000 00000000 00000000
 00000000 00000000 00000000 00000000 00000000 00000000
 00000000 00000000 00000000 00000000 01000000 00000000
 00111000 00000000 00000001 00000000 00000000 00000000
 00000000 00000000 00000000 00000000 00000001 00000000
 00000000 00000000 00000101 00000000 00000000 00000000
 00000000 00000000 00000000 00000000 00000000 00000000
 00000000 00000000 00000000 00000000 01000000 00000000
 00000000 00000000 00000000 00000000 00000000 00000000
 01000000 00000000 00000000 00000000 00000000 00000000
 10000100 00000000 00000000 00000000 00000000 00000000
 00000000 00000000 10000100 00000000 00000000 00000000
 00000000 00000000 00000000 00000000 00000000 00010000
 00000000 00000000 00000000 00000000 00000000 00000000
 10111000 00111100 00000000 00000000 00000000 10111111
 00001000 00000000 00000000 00000000 00001111 00000101
