 01001101 01011010 00000000 00000000 00000000 00000000
 00000000 00000000 00000000 00000000 00000000 00000000
 00000000 00000000 00000000 00000000 00000000 00000000
 00000000 00000000 00000000 00000000 00000000 00000000
 00000000 00000000 00000000 00000000 00000000 00000000
 00000000 00000000 00000000 00000000 00000000 00000000
 00000000 00000000 00000000 00000000 00000000 00000000
 00000000 00000000 00000000 00000000 00000000 00000000
 00000000 00000000 00000000 00000000 00000000 00000000
 00000000 00000000 00000000 00000000 00000000 00000000
 10000000 00000000 00000000 00000000 01010000 01000101
 00000000 00000000 01100100 10000110 00000001 00000000
 00000000 00000000 00000000 00000000 00000000 00000000
 00000000 00000000 00000000 00000000 00000000 00000000
 11110000 00000000 00100010 00000000 00001011 00000010
 00000000 00000000 00010000 00000000 00000000 00000000
 00000000 00000000 00000000 00000000 00000000 00000000
 00000000 00000000 00000000 00010000 00000000 01000000
 00000001 00000000 00000000 00000000 00000000 00010000
 00000000 00000000 00000000 00000010 00000000 00000000
 00000000 00000100 00000000 00000000 00000000 00000000
 00000000 00000000 00000000 00000101 00000000 00000010
 00000000 00000000 00000000 00000000 00000000 00000000
 00100000 00000000 00000000 00000000 00000010 00000000
 00000000 00000000 00000000 00000000 00000000 00000011
 00000000 00000000 00010000 00000000 00000000 00010000
 00000000 00000000 00000000 00000000 00010000 00000000
 00000000 00000000 00000000 00000000 00000000 00000000
 00000000 00000000 00000000 00000110 00000000 00000000
 00000000 00000000 00000000 00000000 00000000 00000000
 00000000 00000000 00000000 00000000 00000000 00000000
 00000000 00000000 00000000 00000000 00000000 00000000
 00000000 00000000 00000000 00000000 00000000 00000000
 00000000 00000000 00000000 00000000 00000000 00000000
 00000000 00000000 00000000 00000000 00000000 00000000
 00000000 00000000 00000000 00000000 00000000 00000000
 00000000 00000000 00000000 00000000 00000000 00000000
 00000000 00000000 00000000 00000000 00000000 00101110
 01110100 01100101 01111000 01110100 00000000 00000000
 00000000 00010000 00000000 00000000 00000000 00000000
 00010000 00000000 01000000 00000001 00000000 00000000
 00000000 00010000 00000000 00000000 00000000 00000010
 00000000 00000000 00000000 00000000 00000000 00000000
 00000000 00000000 00000000 00000000 00000000 00000000
 00000000 00000000 00000000 00100000 00000000 00000000
 01100000 00000000 00000000 00000000 00000000 00000000
 00000000 00000000 00000000 00000000 00000000 00000000
 00000000 00000000 00000000 00000000 00000000 00000000
 00000000 00000000 00000000 00000000 00000000 00000000
 00000000 00000000 00000000 00000000 00000000 00000000
 00000000 00000000 00000000 00000000 00000000 00000000
 00000000 00000000 00000000 00000000 00000000 00000000
 00000000 00000000 00000000 00000000 00000000 00000000
 00000000 00000000 00000000 00000000 00000000 00000000
 00000000 00000000 00000000 00000000 00000000 00000000
 00000000 00000000 00000000 00000000 00000000 00000000
 00000000 00000000 00000000 00000000 00000000 00000000
 00000000 00000000 00000000 00000000 00000000 00000000
 00000000 00000000 00000000 00000000 00000000 00000000
 00000000 00000000 00000000 00000000 00000000 00000000
 00000000 00000000 00000000 00000000 00000000 00000000
 00000000 00000000 00000000 00000000 00000000 00000000
 00000000 00000000 00000000 00000000 00000000 00000000
 00000000 00000000 00000000 00000000 00000000 00000000
 00000000 00000000 00000000 00000000 00000000 00000000
 00000000 00000000 00000000 00000000 00000000 00000000
 00000000 00000000 00000000 00000000 00000000 00000000
 00000000 00000000 00000000 00000000 00000000 00000000
 00000000 00000000 00000000 00000000 00000000 00000000
 00000000 00000000 00000000 00000000 00000000 00000000
 00000000 00000000 00000000 00000000 00000000 00000000
 00000000 00000000 00000000 00000000 00000000 00000000
 00000000 00000000 00000000 00000000 00000000 00000000
 00000000 00000000 00000000 00000000 00000000 00000000
 00000000 00000000 00000000 00000000 00000000 00000000
 00000000 00000000 00000000 00000000 00000000 00000000
 00000000 00000000 00000000 00000000 00000000 00000000
 00000000 00000000 00000000 00000000 00000000 00000000
 00000000 00000000 00000000 00000000 00000000 01001000
 00110001 11001001 01001000 11000111 11000001 00001000
 00000000 00000000 00000000 01001000 11111111 00100101
 00000000 00000000 00000000 00000000                  
